100 100
4 49 74 96 97 81 14 27 92 90 91 73 71 4 101 99 4 23 11 89 13 55 91 48 89 29 38 91 12 4 7 114 14 43 47 89 96 77 83 107 79 104 79 27 36 55 20 75 69 55 112 45 48 19 44 121 57 67 10 87 100 116 70 87 67 86 7 113 111 27 44 19 72 22 41 104 102 15 72 111 3 13 97 108 68 20 104 13 77 115 94 67 106 27 29 96 48 34 67 3
71 55 34 63 58 116 29 33 65 106 23 67 76 87 73 95 69 50 67 76 109 85 55 32 94 114 19 71 37 43 41 10 103 68 32 24 31 89 102 57 2 107 88 80 82 40 96 15 24 71 33 38 104 76 38 68 56 26 63 71 12 41 102 62 24 35 50 70 25 97 89 98 33 77 32 10 12 28 42 91 53 80 103 54 102 30 45 3 22 55 107 55 19 102 106 79 93 36 49 60
91 99 88 109 60 18 49 92 1 51 95 84 45 46 57 3 34 74 36 40 92 45 1 56 81 107 12 49 95 12 16 30 111 81 39 107 23 50 63 62 92 46 18 50 70 50 97 49 89 114 18 105 49 51 78 27 37 79 19 75 100 53 50 61 22 55 75 9 96 0 10 90 72 67 37 43 13 11 86 88 19 114 69 4 51 115 54 41 4 14 111 105 80 75 55 113 95 64 20 35
112 16 32 56 25 39 89 51 70 64 73 110 40 99 21 85 39 98 90 87 80 86 100 81 46 109 65 92 98 7 14 32 24 87 56 25 114 117 39 19 16 38 13 55 55 23 56 121 75 52 30 66 80 114 68 75 95 52 50 51 77 116 103 95 8 56 5 29 5 30 21 8 77 83 99 30 1 47 23 77 10 121 5 18 58 33 95 110 30 100 8 103 69 63 7 69 68 120 58 65
70 107 53 61 93 0 60 45 61 72 100 100 41 3 105 99 109 89 19 82 82 108 14 11 96 30 47 18 44 33 85 38 63 88 15 92 59 10 52 35 119 63 117 65 58 17 10 60 42 113 112 26 108 29 7 37 70 89 70 18 110 100 20 13 105 110 62 32 81 16 83 103 59 59 7 32 0 22 10 11 60 100 56 75 50 114 40 86 102 116 40 13 45 10 28 90 93 86 82 111
88 39 17 48 14 12 91 117 45 37 33 32 3 88 20 5 0 64 89 78 25 92 55 75 15 69 90 108 84 59 32 91 0 10 82 84 118 114 27 76 15 67 79 88 103 14 110 24 8 112 19 42 6 96 31 61 37 60 37 53 108 32 103 44 79 75 5 83 34 13 91 19 77 25 109 15 101 24 99 29 97 85 42 94 48 38 41 26 43 65 35 88 39 54 78 79 82 26 23 95
120 15 22 71 114 87 91 99 102 121 79 112 99 46 41 105 77 17 121 14 103 63 2 119 52 79 78 101 14 23 20 57 72 87 120 34 14 74 86 98 39 70 50 76 13 82 106 50 77 55 51 60 108 68 70 10 11 13 76 40 112 32 64 30 12 28 31 57 0 75 5 70 50 79 58 70 120 15 23 111 76 42 94 82 63 38 1 22 44 25 28 32 30 28 7 28 37 24 94 9
42 118 15 55 88 90 15 88 34 26 43 90 115 29 54 14 89 79 74 29 25 20 35 103 97 107 17 95 100 11 22 23 76 100 108 81 36 31 6 59 44 78 97 65 54 20 53 49 63 64 51 55 121 63 56 47 41 102 100 20 112 66 3 16 2 27 55 61 81 3 58 56 3 97 104 113 32 17 80 83 52 16 105 20 77 8 97 57 91 55 94 108 19 114 121 76 23 64 47 7
20 8 101 75 8 54 115 62 56 4 56 88 9 16 32 11 80 78 1 80 48 61 23 63 99 113 70 106 42 115 91 91 89 97 50 26 114 41 70 118 85 18 88 45 118 2 19 36 72 23 91 1 100 11 33 69 118 5 40 0 74 47 89 23 36 95 93 98 120 121 76 46 29 53 91 3 94 0 27 82 85 97 54 74 101 119 85 86 80 97 41 65 27 32 104 67 115 50 28 49
98 104 71 37 81 26 93 63 78 53 115 101 42 56 80 100 62 22 64 104 27 24 14 83 97 104 60 104 24 91 1 57 114 94 27 10 37 85 26 82 24 79 12 18 44 41 38 5 4 85 40 111 112 87 64 56 101 74 51 30 44 99 23 12 10 23 54 25 17 27 76 15 81 74 81 31 94 9 61 54 8 70 43 117 51 87 12 69 79 69 76 54 72 47 1 109 87 63 29 114
84 96 82 98 95 85 52 13 78 72 1 112 58 54 16 43 87 44 95 96 18 33 81 76 35 7 13 112 60 117 17 24 91 14 52 5 68 2 86 80 116 95 20 49 47 9 19 2 97 43 0 45 108 59 33 86 115 54 56 43 121 31 98 72 16 44 113 82 5 80 112 100 20 50 64 72 20 36 22 106 85 39 116 119 66 21 18 90 92 9 70 13 56 72 51 4 110 90 8 89
29 70 29 120 20 73 35 32 59 64 45 6 41 107 87 96 7 72 12 50 45 115 102 108 22 43 97 4 9 97 106 67 118 25 107 49 46 116 30 118 50 33 48 74 99 5 57 98 32 51 11 114 37 85 7 23 66 108 69 103 19 2 25 21 43 49 55 20 95 21 73 64 102 102 92 98 41 79 94 12 107 50 23 56 9 17 57 20 30 9 57 22 29 111 21 83 13 83 109 87
6 61 63 69 112 63 94 117 68 82 52 91 103 98 20 70 43 83 73 43 96 42 115 98 45 46 19 120 81 9 19 68 31 85 90 40 64 77 53 66 45 34 55 41 13 8 2 97 40 10 101 87 65 31 10 45 33 88 29 15 40 5 79 86 96 29 120 28 27 19 108 106 84 16 30 104 42 71 32 90 15 2 70 9 65 17 42 36 19 120 54 51 81 80 83 118 28 91 97 11
25 69 25 25 50 102 35 11 109 115 67 39 36 29 66 4 40 106 23 69 6 115 113 8 49 35 108 14 109 106 20 90 18 96 26 88 16 74 17 76 67 119 77 80 88 69 53 26 105 12 49 64 28 31 98 121 120 48 51 117 118 100 18 63 28 83 5 33 81 62 71 115 121 40 25 105 120 92 28 44 59 14 75 41 60 99 99 106 23 20 110 34 68 82 58 34 79 5 104 57
6 10 55 121 76 39 51 70 33 33 49 115 17 62 120 109 61 0 51 70 103 108 98 73 16 86 80 46 94 63 76 89 5 18 85 47 112 116 76 23 106 120 77 92 8 67 46 5 60 79 58 85 4 20 96 73 109 118 23 54 95 63 32 104 101 12 72 64 91 24 28 56 109 36 79 5 81 24 42 63 30 100 102 102 107 52 29 21 3 15 116 103 112 78 100 26 43 16 91 1
121 13 92 72 119 67 121 57 28 20 117 80 98 86 29 103 10 72 107 81 117 8 38 120 89 38 7 85 25 3 20 17 51 92 107 6 98 0 57 80 60 109 18 66 85 70 25 33 57 105 62 86 2 49 66 118 58 117 81 97 81 7 36 72 33 54 18 45 47 61 43 114 22 24 92 49 113 22 4 39 91 43 32 115 57 10 89 75 93 115 54 7 72 82 91 87 81 28 66 40
53 80 7 35 25 49 83 109 77 104 93 113 69 20 102 101 55 64 109 45 21 54 0 48 41 49 98 36 83 47 117 33 12 88 33 81 10 89 86 0 109 114 81 98 18 110 5 31 9 120 77 70 84 7 73 98 114 35 111 53 103 22 53 80 55 4 44 104 23 40 42 11 2 113 87 102 55 23 92 89 79 28 33 22 60 25 85 116 103 42 38 47 117 5 105 71 82 4 14 82
8 85 117 76 70 88 28 97 71 42 73 75 54 55 50 5 97 12 68 3 60 48 47 54 99 116 90 106 118 18 97 89 87 121 63 10 84 116 64 57 88 58 60 13 67 36 24 87 13 97 33 30 19 10 96 85 111 73 118 50 103 48 110 113 87 102 23 86 91 75 77 4 62 55 25 70 44 73 2 55 49 116 74 25 41 103 87 38 117 23 68 48 46 65 51 116 61 75 97 46
35 4 99 42 69 27 107 98 52 42 65 84 51 0 14 5 29 86 72 117 120 107 22 84 59 56 6 97 24 42 19 10 49 82 76 55 24 4 49 77 39 110 102 99 42 36 20 110 95 77 69 18 119 67 47 110 111 95 61 86 89 85 64 112 85 22 41 113 80 6 35 82 76 70 22 79 96 94 53 33 50 119 112 44 40 43 43 6 76 67 44 4 35 115 6 69 28 114 81 95
75 107 106 16 81 105 73 41 80 28 95 21 78 55 97 71 44 81 105 104 10 111 86 103 105 0 65 106 114 15 52 105 22 115 101 3 65 55 6 48 15 58 29 62 33 22 87 29 8 107 28 105 56 89 4 93 98 17 68 28 78 26 92 3 98 89 68 41 29 95 62 105 17 58 113 40 100 23 69 12 83 28 43 86 117 5 98 14 72 30 66 86 39 34 111 73 114 93 29 80
50 105 101 86 90 98 110 89 106 1 25 111 51 45 29 80 75 56 22 113 53 68 56 86 69 24 23 111 86 75 14 44 10 76 106 115 44 42 49 15 10 118 22 115 87 69 29 111 8 118 28 98 71 57 47 75 13 52 68 58 51 29 40 68 84 46 23 116 25 62 45 117 2 23 102 16 1 21 10 71 92 34 94 118 52 49 52 7 7 86 48 14 19 91 4 30 29 120 25 31
44 35 16 107 17 69 22 68 82 88 36 28 83 114 71 119 110 96 59 16 92 1 68 2 121 21 83 86 16 106 80 42 80 34 33 108 8 33 4 101 30 30 101 67 48 70 62 67 54 81 45 43 26 119 79 105 28 98 18 15 3 11 32 108 87 92 10 90 31 115 116 30 66 65 10 67 25 117 55 28 116 88 59 48 52 93 113 2 102 98 50 103 82 34 13 113 114 99 20 93
37 106 117 26 73 48 113 103 31 95 23 50 40 76 105 50 41 74 57 98 120 11 73 67 2 4 26 50 42 61 83 102 3 20 78 15 54 99 55 96 5 29 120 83 60 113 60 47 89 95 28 25 58 10 115 63 116 73 31 49 72 5 104 5 24 39 14 31 52 21 53 67 40 6 119 39 16 76 101 97 35 107 98 88 55 112 59 98 16 38 100 86 37 95 50 50 12 55 32 67
4 3 96 98 114 56 63 15 61 24 116 38 105 29 43 85 53 8 58 48 76 51 88 73 58 9 105 91 37 24 8 0 62 93 17 111 9 49 86 109 12 38 34 0 110 99 30 82 99 35 102 64 85 41 84 70 59 110 50 70 42 92 26 1 39 2 89 108 36 93 114 81 116 109 75 2 82 44 102 28 69 37 93 14 84 49 108 51 121 36 104 108 55 80 88 55 103 31 97 78
69 47 83 1 110 88 48 52 8 52 20 46 14 105 28 104 43 18 112 8 100 0 0 89 30 61 6 52 5 80 39 58 17 65 68 14 43 57 13 85 68 32 90 51 96 115 7 48 107 1 11 115 26 85 3 63 82 42 75 30 87 49 114 106 32 67 78 89 23 19 109 1 103 89 44 5 91 23 73 121 68 28 56 85 94 47 107 38 77 80 47 25 11 108 48 7 17 9 92 103
62 108 10 118 98 82 25 102 64 4 58 37 98 15 51 51 64 1 79 70 71 118 24 2 88 79 54 91 119 96 104 6 75 71 78 51 5 100 1 55 115 73 28 51 45 27 115 5 68 49 110 103 7 61 71 50 93 80 46 16 20 65 13 120 121 72 2 62 32 7 84 114 72 111 113 43 36 99 69 107 52 84 14 77 6 44 1 33 67 117 63 57 108 21 81 109 114 86 25 59
100 69 49 7 46 107 83 56 8 34 66 57 72 35 37 19 116 106 73 75 46 0 78 19 84 121 85 28 13 62 84 83 109 102 92 11 44 57 41 113 70 38 99 65 22 105 49 88 19 77 92 77 108 38 62 63 39 48 96 55 86 34 117 102 93 37 23 84 47 37 62 92 32 55 16 43 23 57 101 20 55 51 75 56 63 78 45 73 102 6 87 116 56 113 81 42 18 21 22 69
75 8 27 103 19 48 29 80 67 107 73 36 3 59 13 27 54 118 99 40 26 106 2 37 86 48 67 54 21 103 18 71 6 20 4 85 95 55 75 77 72 107 36 70 29 46 54 13 75 87 41 118 75 22 71 67 26 7 54 83 94 38 37 2 79 120 89 63 49 1 43 96 118 65 29 114 16 2 52 73 89 54 0 80 106 35 102 41 102 24 99 20 86 27 78 33 78 114 19 88
97 83 7 29 50 39 72 47 60 77 2 74 113 87 81 44 84 11 49 56 105 36 99 51 57 94 51 85 25 118 100 105 43 110 102 68 56 29 5 84 75 69 117 121 62 38 37 98 5 15 100 94 69 84 65 25 46 85 63 29 42 118 115 55 42 66 23 11 29 6 113 72 13 8 10 98 21 7 32 97 74 8 119 13 68 22 38 62 3 73 113 92 58 101 109 13 29 0 47 18
71 77 119 16 45 6 49 36 76 47 80 89 120 38 38 7 103 97 16 71 17 102 14 80 98 84 95 63 101 37 53 100 92 53 16 66 104 106 39 9 117 104 60 57 21 81 17 100 118 18 69 4 92 38 45 109 113 76 33 5 117 67 41 61 6 42 44 42 81 18 83 52 62 115 98 52 79 4 96 51 3 1 25 84 67 120 119 67 39 77 25 99 66 98 81 115 68 110 121 98
41 6 31 91 66 13 45 71 64 65 54 8 92 17 43 59 64 68 80 85 48 34 25 92 26 39 85 115 96 30 98 95 57 109 57 108 14 101 106 57 54 1 113 19 116 43 17 50 86 0 78 89 29 31 17 62 50 49 89 31 107 61 91 63 58 73 117 17 12 17 99 0 31 38 102 58 108 35 106 115 60 109 30 70 44 56 79 60 6 52 95 94 0 78 80 92 118 112 49 82
31 85 48 61 2 19 37 33 95 37 57 107 57 82 16 105 51 71 0 90 58 73 38 84 44 48 96 114 84 72 36 12 55 0 46 4 14 85 33 108 102 108 62 77 4 97 20 116 21 92 72 76 46 66 77 54 12 91 48 94 15 53 9 40 7 94 46 97 71 23 39 9 28 73 58 31 45 88 113 31 54 0 23 102 71 86 20 36 33 108 108 92 114 45 116 46 67 110 68 82
43 17 115 5 36 21 25 30 2 18 5 116 88 41 50 48 104 53 100 33 45 47 3 74 30 20 64 38 18 90 94 31 65 61 110 23 96 81 53 23 120 28 39 104 62 53 34 103 90 28 3 120 53 68 23 31 97 45 97 39 8 26 119 53 88 32 49 7 63 82 30 43 59 64 84 5 92 95 101 31 23 104 66 5 91 97 104 94 13 11 80 99 93 18 98 57 14 115 61 108
103 68 31 61 32 112 117 22 23 2 61 5 3 58 61 80 108 81 52 89 51 33 25 84 58 85 18 79 72 5 48 115 59 12 107 55 75 37 70 59 16 55 108 87 73 45 102 91 62 119 105 87 120 106 113 44 0 29 83 92 119 49 36 91 117 115 118 95 102 37 83 86 94 36 43 72 25 14 61 70 24 89 100 12 45 6 29 29 11 34 93 19 3 83 65 89 73 54 7 58
57 65 61 115 28 67 110 95 85 33 116 2 112 35 92 23 60 65 101 87 121 103 106 102 36 19 14 18 77 84 32 106 45 61 66 95 39 121 117 102 81 14 94 21 103 24 29 34 61 27 33 110 82 48 62 45 22 8 81 38 68 30 53 10 42 6 116 38 86 114 96 85 24 73 24 74 98 116 13 51 15 118 84 22 4 80 90 80 0 92 38 27 119 18 27 105 102 96 107 38
81 5 31 33 4 25 3 74 90 76 91 58 24 34 38 60 57 49 43 26 15 114 95 73 117 107 67 16 110 50 84 95 88 52 106 67 86 68 57 19 10 54 46 83 6 21 80 98 6 80 37 43 60 14 61 42 116 82 99 48 71 2 88 23 0 96 24 11 56 27 28 60 72 41 80 110 1 103 107 50 82 20 91 64 93 25 1 74 119 28 66 101 32 99 90 84 37 42 74 97
14 98 47 113 104 86 25 75 51 71 36 48 33 33 3 65 39 74 51 0 10 32 53 64 106 108 1 51 21 5 109 93 96 27 54 59 14 6 69 42 29 11 64 3 7 47 8 18 51 31 108 70 68 115 27 54 13 96 22 12 23 64 52 13 45 27 4 49 62 42 89 89 41 109 96 51 36 42 94 39 57 16 93 110 94 116 0 82 67 43 19 89 40 97 61 10 103 19 52 47
118 27 83 78 23 4 119 3 41 98 39 11 61 30 1 108 6 0 98 17 63 50 121 108 34 66 33 31 46 86 52 76 14 16 48 37 72 46 94 102 10 71 37 94 99 73 73 50 50 52 20 36 73 6 119 115 39 91 9 95 31 30 32 24 9 46 6 101 90 40 23 68 70 106 22 102 26 21 79 28 61 112 118 47 60 112 63 65 87 5 4 68 4 83 45 7 109 73 80 103
114 94 20 65 30 117 11 52 104 107 17 120 57 50 69 60 112 112 78 73 46 20 101 53 13 69 48 11 114 96 70 53 2 88 24 102 16 47 20 80 24 88 29 98 66 110 17 92 56 13 64 75 91 108 111 0 65 95 80 53 106 30 7 52 19 59 116 53 8 56 120 79 20 46 110 102 20 97 89 63 107 15 68 59 6 62 32 19 121 109 112 65 119 17 68 72 54 95 91 85
91 71 100 62 57 69 22 69 53 114 94 41 28 101 100 99 57 57 93 6 109 84 1 83 74 75 84 91 14 91 2 109 33 23 15 84 1 120 37 33 63 27 120 85 79 108 9 82 4 20 11 90 41 18 93 104 100 50 41 64 97 54 39 42 80 51 26 71 47 31 62 93 8 52 42 22 90 55 24 94 91 100 3 96 90 50 1 27 34 28 100 71 12 5 73 8 8 101 93 42
89 80 8 94 20 14 49 39 88 58 28 10 56 110 28 57 20 27 73 82 118 111 111 119 115 110 68 34 41 78 7 69 115 42 104 112 48 27 4 58 68 13 77 106 25 49 104 16 24 116 54 3 37 58 118 74 109 4 45 74 42 61 88 64 104 42 18 110 46 36 71 28 32 76 18 83 3 17 16 56 63 96 47 33 23 74 72 91 87 107 49 31 45 55 22 50 24 74 13 47
42 72 60 25 71 88 42 65 40 101 66 112 52 111 103 68 115 19 21 71 92 29 93 62 29 18 21 121 89 121 15 53 94 103 30 14 57 50 102 28 83 46 83 1 98 31 70 25 72 33 53 39 33 40 50 95 23 62 102 12 107 9 94 29 58 40 52 76 33 120 90 106 8 57 68 20 33 86 25 24 26 33 70 66 62 39 89 36 89 52 11 31 45 40 57 47 62 100 42 54
35 105 121 2 29 110 101 92 30 19 121 23 57 93 75 30 97 47 66 107 67 61 41 16 11 63 20 44 117 73 50 11 13 78 107 10 90 75 92 75 111 38 14 17 104 55 113 101 91 105 91 21 58 82 59 19 94 53 63 16 106 18 21 100 50 103 6 32 0 74 38 100 106 23 101 87 12 20 18 31 75 86 16 101 56 28 47 16 29 105 40 90 6 104 78 118 59 57 11 43
74 21 4 10 96 56 101 40 35 60 61 112 84 80 78 26 107 92 22 42 119 97 28 54 51 97 6 78 102 18 58 60 66 0 119 57 85 48 8 51 103 29 108 111 18 81 9 46 35 73 91 104 22 84 112 38 56 101 80 22 8 47 6 12 96 111 40 118 83 41 88 68 65 39 120 109 35 104 98 103 111 67 92 80 19 93 11 43 61 86 51 70 119 105 32 59 60 10 49 17
64 85 32 49 78 73 57 94 16 3 27 68 91 94 87 92 59 32 10 75 59 121 65 48 13 44 12 74 45 45 15 20 11 100 51 28 30 109 61 106 90 4 50 36 31 1 75 1 110 94 16 41 120 40 9 95 70 28 40 17 75 84 0 1 67 93 23 57 75 59 115 16 100 58 52 68 96 51 28 117 22 96 89 15 112 63 116 92 13 22 61 92 8 74 45 5 52 94 103 21
80 72 80 15 74 89 82 20 15 81 56 119 96 96 109 13 93 11 99 88 26 0 33 71 57 84 80 11 72 70 42 87 52 56 60 39 9 83 117 114 94 108 104 97 23 109 101 111 20 46 32 33 86 10 67 37 58 49 68 7 50 111 21 50 58 46 79 93 67 97 18 53 105 38 81 51 30 71 100 62 22 29 81 23 22 51 116 19 79 31 32 100 35 89 36 10 120 89 101 101
102 121 56 21 115 116 98 115 103 117 117 4 6 16 75 116 64 22 62 73 86 43 72 96 13 0 12 2 10 26 118 93 42 118 72 5 42 7 11 87 34 109 100 80 84 82 37 32 119 88 33 25 113 42 65 41 12 79 76 36 47 68 57 32 119 115 74 7 10 57 56 91 35 38 42 94 37 29 88 105 109 30 25 78 97 34 24 9 8 28 43 34 10 25 86 29 26 115 28 115
21 71 59 19 105 44 121 8 120 67 81 81 58 116 93 74 17 54 12 92 97 47 108 64 93 87 99 15 43 22 22 20 99 19 19 72 58 20 121 12 30 3 92 99 21 116 10 92 33 87 94 92 27 7 18 117 115 26 30 61 73 82 46 25 41 75 28 61 3 71 49 72 75 16 79 68 108 74 116 50 15 24 78 77 110 115 9 51 62 1 54 120 70 85 70 96 37 18 47 113
101 116 47 95 0 3 1 35 105 102 118 88 118 88 99 115 41 39 22 52 75 92 7 30 54 41 25 54 117 3 107 65 37 5 2 90 34 31 94 57 113 21 76 24 7 22 86 1 14 51 64 73 60 97 74 93 9 85 98 27 52 37 42 100 38 16 108 76 89 10 118 60 84 89 83 98 110 45 11 68 7 28 56 34 76 45 91 14 50 114 64 101 104 58 54 92 98 14 37 12
110 60 92 7 81 86 32 103 111 108 18 28 114 114 70 73 47 120 15 121 104 24 106 85 68 67 35 33 63 35 45 12 71 58 11 112 49 1 83 27 32 42 114 102 69 32 121 109 26 23 48 32 14 70 81 47 2 56 100 10 36 84 54 21 32 73 58 107 76 72 104 111 112 29 57 24 80 67 5 55 76 95 30 51 118 85 112 55 54 52 67 115 63 41 80 63 119 41 99 40
44 87 92 71 111 98 62 14 36 19 76 58 69 102 41 12 84 3 44 43 113 81 62 69 98 70 39 2 36 87 117 42 94 63 65 93 74 88 33 41 25 34 58 90 91 57 70 38 109 115 106 6 10 110 57 117 24 22 31 34 32 16 21 54 63 55 22 57 100 8 24 88 120 96 77 75 101 12 1 82 86 38 46 24 8 105 72 2 17 114 35 50 7 70 1 25 18 23 111 67
108 52 83 108 91 82 52 102 113 75 78 10 36 66 48 39 115 53 99 78 97 15 100 76 21 39 4 25 62 38 17 96 75 94 33 117 90 7 11 83 103 45 60 94 55 108 94 69 2 94 64 42 98 74 15 107 46 90 36 119 107 7 108 39 34 47 120 109 112 14 54 51 105 21 105 63 8 71 82 90 116 79 115 95 91 119 96 103 81 82 89 30 5 57 70 101 121 57 121 59
91 13 119 47 25 54 16 65 103 53 20 15 45 121 30 88 75 90 93 119 35 30 29 82 7 59 23 56 31 31 49 1 110 117 82 56 111 16 51 99 113 2 84 29 107 20 103 49 105 101 10 83 72 0 23 21 51 120 119 42 7 5 83 120 34 84 10 116 65 47 32 100 116 8 120 119 48 20 88 92 111 81 101 103 56 48 30 89 90 121 41 34 86 107 42 31 62 74 98 42
73 56 18 52 55 61 8 72 73 84 97 30 88 6 111 118 89 97 71 50 62 78 39 22 30 64 99 0 76 18 60 67 4 58 52 84 21 80 33 103 43 72 23 69 53 9 9 114 91 55 108 74 22 21 106 73 42 109 107 24 62 96 87 99 66 75 35 49 84 73 72 94 12 0 87 46 11 72 12 53 13 99 61 73 21 14 103 55 42 72 32 11 46 59 65 0 82 26 82 51
31 38 82 49 87 78 14 65 80 69 99 74 87 56 75 78 32 96 11 37 94 88 105 5 116 34 20 0 82 75 86 1 111 15 83 114 73 105 1 15 27 106 57 119 19 77 0 58 5 94 21 42 103 40 74 99 68 115 79 40 101 117 88 93 84 17 80 45 28 103 76 80 0 69 6 81 30 102 79 99 52 21 13 41 20 5 100 20 120 91 77 37 107 118 5 108 36 25 36 84
85 12 2 75 25 19 100 73 58 58 14 27 30 42 28 9 98 107 99 21 66 101 46 100 48 84 49 110 16 95 75 20 17 113 28 20 91 25 102 45 103 15 70 3 31 90 37 119 4 7 90 97 32 50 54 0 113 14 10 112 66 19 114 2 96 46 81 53 38 39 82 73 91 54 57 6 66 85 97 104 119 55 54 113 10 92 65 16 78 36 7 82 86 91 86 2 121 4 28 26
36 40 75 2 84 111 120 33 107 83 52 63 111 63 68 6 49 9 101 92 101 28 53 116 48 11 15 21 10 70 101 14 57 65 85 98 120 52 42 71 60 7 6 18 11 113 87 74 71 94 51 56 22 48 5 70 101 29 28 28 120 90 115 36 97 90 0 85 118 9 61 110 101 94 25 119 21 73 98 1 51 51 28 8 27 30 52 92 40 76 44 91 41 84 15 23 99 1 60 72
82 25 18 69 119 96 109 11 32 87 24 121 50 96 61 19 102 51 54 35 120 39 75 120 65 9 102 2 49 11 120 79 36 117 52 106 36 98 103 8 91 49 23 89 24 5 103 16 102 117 69 119 107 100 115 57 44 54 105 112 102 75 2 48 64 97 0 64 41 9 107 105 32 84 21 81 46 90 81 83 40 59 9 107 72 68 40 118 84 106 98 33 17 25 21 93 77 44 109 83
36 111 29 59 75 114 38 32 96 106 84 5 31 39 34 31 108 8 10 39 3 88 68 2 115 43 100 117 110 107 22 70 74 71 13 49 42 27 74 80 42 57 43 67 107 107 50 43 108 121 43 83 72 101 87 89 13 8 23 62 47 34 112 60 57 96 87 54 58 104 37 62 86 108 33 81 22 104 63 92 87 60 46 15 30 47 43 36 40 63 84 9 111 62 59 75 27 95 59 106
70 39 79 9 68 37 73 87 104 8 55 61 92 0 52 104 101 47 96 83 28 81 58 46 72 11 16 42 114 19 121 21 111 47 89 25 89 69 21 76 38 94 59 116 89 60 88 46 7 45 64 115 94 86 35 114 98 95 104 36 64 27 21 88 28 20 4 47 4 109 27 54 5 82 56 61 81 46 18 84 91 30 28 24 116 19 0 53 25 101 53 29 39 75 17 102 106 43 53 76
106 109 90 10 49 27 99 77 113 6 81 57 80 11 63 48 104 27 113 41 6 96 117 86 61 14 105 24 83 70 57 66 94 42 12 2 110 59 94 66 64 98 5 55 75 44 36 27 30 46 91 115 62 68 77 80 85 121 92 81 47 20 112 111 13 75 38 74 40 112 61 25 102 86 38 100 66 63 56 95 97 19 102 108 75 62 47 107 49 108 87 118 43 43 53 103 111 13 58 75
97 68 101 1 115 54 3 51 74 63 78 16 119 36 75 12 9 19 41 40 40 84 5 58 57 101 97 97 73 107 26 21 10 121 90 121 32 27 95 117 105 78 21 0 26 119 63 8 24 9 71 9 89 19 68 87 55 23 94 30 81 51 19 45 2 101 91 121 87 66 106 92 31 20 5 85 68 73 22 10 0 40 101 17 107 69 41 21 49 112 87 120 117 41 53 0 28 57 93 83
101 80 75 114 34 65 50 115 59 43 43 10 110 0 59 10 88 115 56 93 8 25 38 23 6 17 86 54 13 111 102 65 48 105 97 98 24 101 65 98 97 109 18 18 110 22 19 113 17 88 59 46 77 38 76 59 13 86 8 61 55 85 115 88 53 66 112 69 45 38 104 97 9 14 46 108 60 68 79 30 66 90 53 90 60 81 59 0 54 96 10 51 80 61 102 90 116 3 107 57
64 106 67 0 77 46 4 30 28 13 60 19 112 47 115 46 82 45 68 61 74 118 6 54 30 121 50 48 2 89 24 114 76 99 49 78 34 62 23 86 89 46 117 18 26 108 77 18 101 76 49 80 85 71 77 93 79 78 57 99 78 23 35 92 7 69 63 89 48 116 121 18 95 44 45 118 65 9 57 5 87 46 59 38 102 59 14 28 25 65 100 109 11 97 85 38 36 81 0 85
62 118 53 13 35 98 115 79 77 111 27 63 44 112 118 5 26 84 10 39 80 56 91 5 32 0 49 86 29 13 22 59 13 50 49 28 56 45 75 13 9 75 84 103 34 22 14 105 65 86 45 104 6 14 28 20 108 19 40 30 77 69 113 107 16 61 11 45 64 112 7 83 19 50 96 77 11 106 120 7 23 60 38 106 3 36 49 40 103 94 6 70 43 71 98 79 54 102 44 108
67 3 97 18 80 102 50 77 67 114 83 6 81 79 107 93 25 31 69 121 84 60 94 109 10 114 78 11 110 83 109 37 109 121 21 118 22 18 98 92 32 32 68 47 87 85 72 84 90 38 39 31 74 59 84 45 13 100 68 36 32 90 58 106 48 30 6 27 50 97 31 66 36 111 20 65 54 4 71 24 5 109 63 100 21 92 55 20 107 86 23 121 17 2 4 77 8 17 37 67
64 75 121 30 62 66 114 78 8 113 28 10 31 29 121 102 87 89 26 26 18 25 23 0 61 105 21 93 12 13 120 56 80 30 51 81 45 19 56 101 46 50 117 87 35 109 46 59 29 36 108 103 110 119 20 94 27 98 47 1 107 102 27 94 35 120 48 83 45 49 42 48 98 116 95 64 57 16 64 27 106 75 112 21 15 72 15 72 13 18 49 37 12 63 7 36 22 121 115 55
45 54 99 12 99 118 112 12 91 84 118 27 63 68 107 89 48 117 88 13 56 116 115 64 45 98 63 57 119 108 38 1 106 24 68 53 61 73 6 11 70 70 97 17 67 60 52 116 54 53 71 109 17 23 20 116 81 27 118 77 105 118 101 84 3 106 76 117 86 98 66 121 108 22 73 34 19 102 29 119 31 64 2 24 119 110 16 112 46 42 56 15 68 78 120 26 52 41 18 0
1 67 7 103 112 70 46 97 117 41 104 20 7 101 109 55 20 95 28 37 10 16 12 98 93 8 112 114 25 22 29 17 59 90 68 109 51 86 93 93 73 98 51 109 121 56 74 103 73 73 29 24 42 60 97 9 119 22 15 88 85 47 111 25 18 42 87 102 8 18 108 10 112 105 111 74 95 7 48 56 15 101 29 46 110 114 38 33 39 17 58 1 80 31 73 40 53 53 1 84
91 112 63 19 34 20 83 119 48 33 116 81 119 115 84 5 82 116 40 96 75 98 84 23 65 82 12 120 76 50 14 40 37 107 70 63 77 0 52 42 66 70 90 13 32 74 37 12 89 23 84 40 120 114 95 33 30 54 118 106 91 79 33 34 17 92 121 113 88 121 106 81 54 26 16 88 5 92 89 66 40 107 69 114 102 112 84 5 58 88 14 85 8 88 5 108 94 16 86 62
97 89 29 48 45 35 104 23 111 36 107 121 38 103 116 65 63 33 21 101 99 77 7 60 47 108 49 17 101 37 80 110 60 58 69 29 4 63 93 61 49 72 48 121 2 88 58 117 102 95 110 105 67 78 106 61 48 54 24 29 121 95 121 62 30 121 85 73 100 64 64 112 56 10 89 43 43 6 117 107 38 23 45 109 17 90 93 0 94 85 50 11 20 54 101 81 51 117 112 52
34 64 11 53 35 62 59 113 44 83 58 77 7 103 63 106 111 59 87 111 66 50 79 47 67 2 101 109 90 62 94 99 49 21 58 52 114 2 101 86 37 15 46 6 13 82 2 71 70 24 2 67 97 18 89 52 5 7 84 55 39 109 29 79 28 77 107 62 71 107 11 51 30 40 64 61 14 25 61 69 74 99 111 99 31 7 104 59 30 2 19 83 77 59 51 35 111 40 42 69
25 17 46 8 17 51 33 105 35 67 59 81 63 1 90 6 49 76 80 1 36 57 4 30 88 73 67 21 118 59 19 71 0 28 24 120 78 113 107 46 104 33 82 117 36 13 11 102 105 107 36 77 51 15 69 73 52 24 8 72 76 93 57 61 36 116 102 59 33 120 52 96 104 54 67 116 69 11 98 6 116 102 93 34 109 58 1 19 5 44 67 78 8 11 106 71 30 8 118 26
83 60 58 35 6 8 105 60 27 21 59 107 64 20 67 82 82 89 100 27 46 35 77 89 1 78 11 27 46 120 35 72 39 36 27 22 116 55 34 78 89 107 19 9 6 61 120 19 37 27 107 24 22 97 8 47 96 102 110 116 18 90 8 103 74 77 104 111 87 42 40 20 10 52 12 113 92 65 71 102 68 27 116 56 106 93 18 1 33 71 25 22 103 69 18 93 87 51 36 76
25 30 118 112 106 45 75 2 83 69 39 60 19 105 45 73 4 75 25 7 1 22 30 38 93 121 95 6 118 71 11 120 120 119 97 64 119 109 78 116 33 67 65 88 109 51 2 21 118 87 121 98 8 11 48 81 76 40 98 80 36 71 120 121 43 81 37 79 23 78 84 21 97 112 56 116 86 27 31 118 84 80 48 62 90 43 28 95 7 34 30 21 121 61 62 3 57 38 36 97
4 50 106 81 113 91 25 52 32 111 12 100 33 89 81 3 55 14 22 85 4 70 5 38 91 77 14 41 21 1 82 89 100 6 107 86 32 60 27 75 53 56 105 118 27 96 33 68 105 89 40 19 52 33 78 82 3 7 17 120 25 73 69 25 57 52 82 9 6 82 95 29 69 41 18 41 55 44 45 36 39 74 101 67 45 93 94 79 31 105 0 51 57 75 62 58 119 29 57 67
38 38 60 97 115 114 0 93 111 107 75 52 84 38 5 6 14 112 40 73 68 15 99 71 63 33 53 43 121 69 57 11 51 10 14 2 54 17 72 46 88 31 95 33 112 32 15 43 110 91 111 43 116 4 32 59 2 97 120 76 103 15 38 21 118 79 0 62 88 12 48 31 106 116 76 27 76 73 3 97 82 1 83 54 121 86 94 110 113 72 21 101 6 2 39 66 51 36 18 93
81 28 30 99 110 46 56 56 63 18 72 12 34 115 73 121 64 17 0 103 112 23 96 41 51 13 113 78 33 12 37 82 78 90 49 65 4 53 7 59 104 90 109 36 10 92 10 31 80 11 58 6 12 58 75 81 108 31 98 22 27 67 35 117 119 98 63 7 47 60 100 36 70 114 55 71 3 70 106 99 95 41 110 84 87 42 32 5 41 97 104 107 121 47 108 94 47 60 89 16
28 29 28 97 107 118 70 57 10 80 52 104 96 38 84 119 99 77 79 65 67 71 109 68 22 57 63 62 59 105 80 90 21 1 112 21 46 105 74 51 90 70 5 108 1 75 18 5 121 46 113 73 17 26 1 94 119 22 89 86 83 26 108 75 120 0 10 35 74 100 46 78 63 54 17 16 67 62 105 86 41 103 90 102 12 97 18 31 40 19 106 64 29 68 22 58 3 49 49 20
24 72 81 35 114 27 1 102 99 41 56 11 10 49 119 5 120 84 22 116 78 48 13 51 58 62 5 121 38 84 93 20 49 103 54 69 23 16 25 92 10 14 49 91 77 82 114 30 77 64 82 110 71 12 35 44 115 50 14 29 67 8 94 31 112 51 44 24 106 17 107 24 65 84 34 44 112 69 31 74 100 121 21 77 23 107 121 92 42 35 118 34 95 20 30 103 13 70 76 101
30 121 94 62 77 98 35 36 96 41 60 117 109 17 58 73 120 14 57 46 32 76 15 48 58 87 47 12 29 88 69 73 98 3 24 12 90 95 92 97 24 41 8 8 57 46 13 110 118 75 107 51 20 79 66 66 33 70 105 58 12 50 24 51 106 99 47 102 105 73 74 75 115 10 83 111 22 105 120 85 120 71 55 69 115 93 113 82 29 41 85 107 109 114 84 51 20 99 87 19
23 14 120 75 95 88 72 72 30 102 48 20 18 55 38 91 78 28 30 60 52 87 80 83 27 85 6 107 65 50 82 80 43 15 11 46 94 53 42 50 98 109 93 41 40 55 115 65 111 58 68 37 73 99 73 56 1 120 118 58 111 104 32 121 103 70 115 101 109 40 5 1 47 30 112 89 80 92 60 16 111 11 81 53 77 61 33 76 88 113 23 64 97 90 31 103 91 70 25 119
29 69 53 33 117 56 56 117 100 1 81 66 40 49 12 5 85 104 49 0 62 103 56 20 81 11 0 50 19 105 32 5 53 46 38 59 98 83 2 87 43 99 27 90 36 53 115 80 12 54 103 59 119 68 31 38 67 6 92 22 18 13 64 17 115 24 87 118 34 78 32 39 88 75 27 50 90 4 36 28 56 65 37 99 17 44 46 5 82 34 80 16 115 87 6 77 29 39 114 8
21 110 12 120 5 63 102 26 21 82 38 66 75 113 62 111 119 50 15 0 78 108 55 115 104 47 4 49 21 97 100 92 96 96 49 109 26 6 60 105 99 0 110 68 45 79 48 95 12 53 98 98 105 119 120 30 92 11 4 112 41 108 119 15 97 71 103 2 97 32 38 82 106 31 37 116 121 55 120 47 56 86 58 5 39 90 4 7 0 74 3 46 30 40 1 90 19 88 15 41
91 112 106 30 78 118 119 65 1 57 85 67 28 9 114 70 100 42 36 14 10 21 49 52 37 1 23 14 12 4 8 78 9 9 104 6 121 121 42 69 102 44 106 39 15 68 103 98 103 11 29 86 18 30 16 58 76 75 55 40 83 4 82 23 40 120 86 23 92 90 55 0 108 45 17 60 110 31 51 61 80 76 93 99 12 54 115 118 121 67 117 74 70 119 65 74 39 84 52 23
80 115 48 16 74 26 75 120 99 9 117 9 1 17 56 110 93 60 96 14 118 119 71 62 31 105 37 58 107 95 104 42 85 28 59 77 71 13 48 95 99 10 110 2 30 54 59 17 77 75 15 66 92 73 96 59 44 119 95 31 91 33 4 112 7 24 101 40 22 32 116 39 74 31 48 35 73 110 7 34 3 62 105 100 52 45 35 34 27 48 87 22 26 13 91 47 7 2 95 10
8 6 29 45 85 5 100 18 113 5 37 48 90 100 17 108 15 0 105 107 26 92 96 74 112 62 90 79 4 67 54 12 16 90 8 120 42 72 96 81 9 28 9 21 69 92 110 85 97 70 42 109 104 110 106 113 12 78 110 3 73 97 85 7 9 72 106 29 37 3 101 35 77 15 111 85 75 80 62 69 17 52 1 11 74 15 30 21 44 57 117 110 34 51 118 12 71 51 64 105
22 71 66 112 28 55 121 17 19 2 73 68 105 57 37 22 24 25 109 84 82 49 106 25 97 15 78 19 103 81 11 32 29 83 75 114 83 73 9 18 63 105 97 13 16 22 120 107 36 55 21 96 80 98 97 33 35 50 70 40 116 19 76 67 28 52 86 91 40 54 57 46 106 107 58 114 8 33 120 92 111 4 4 95 108 21 57 28 103 79 4 94 27 43 12 120 56 91 41 1
83 42 60 41 83 91 102 120 6 42 111 118 39 82 110 39 82 111 5 99 58 70 64 2 22 63 97 70 84 5 11 106 48 76 53 4 87 75 26 103 84 28 109 38 88 27 91 79 98 100 76 113 1 112 11 38 62 71 6 80 40 85 113 98 21 55 110 69 0 54 77 92 22 69 15 98 7 110 41 52 73 78 106 45 24 45 68 18 92 57 92 118 70 37 107 14 101 12 105 62
43 85 69 110 105 104 1 108 99 29 71 68 28 29 3 116 89 52 119 9 3 54 98 117 93 103 40 31 116 57 85 74 100 44 92 23 82 106 52 84 23 36 78 14 48 72 79 77 6 23 75 31 42 49 49 105 93 9 49 90 82 20 7 13 108 1 51 98 88 81 45 87 14 47 95 119 0 118 105 3 21 75 36 86 10 54 101 110 40 15 44 5 9 11 106 102 115 23 110 120
63 16 30 60 14 30 40 53 80 112 61 53 95 83 87 45 75 31 92 33 98 29 110 103 87 25 22 97 49 45 34 80 84 29 67 44 23 35 42 92 100 77 81 85 89 118 56 100 92 9 48 68 23 2 68 34 16 30 58 93 21 106 97 82 26 34 85 34 30 76 61 71 4 41 64 34 70 31 9 70 62 106 26 106 5 40 108 30 100 77 11 94 93 96 0 82 114 82 92 66
71 16 47 58 105 95 39 71 13 119 45 34 64 104 62 11 118 107 81 8 50 16 4 26 38 15 52 87 40 13 3 31 61 51 45 54 96 35 89 105 108 102 62 81 116 49 89 112 90 40 76 116 112 37 38 97 29 99 89 47 87 9 21 54 98 11 72 33 106 48 38 69 73 26 21 119 64 78 75 62 62 108 67 34 62 92 16 2 26 95 87 78 61 83 46 106 36 15 34 59
90 18 37 88 33 108 51 92 46 60 80 70 67 50 73 16 95 85 119 103 27 52 88 20 77 5 84 46 108 100 113 2 59 58 97 24 8 18 24 106 31 107 53 23 101 89 69 46 94 54 82 99 27 42 70 87 92 113 62 111 46 68 3 1 120 60 3 86 120 89 96 25 20 113 77 45 97 24 64 107 16 43 45 86 21 37 117 3 111 103 17 56 55 22 121 85 48 42 100 55
16 92 29 19 76 114 52 76 100 100 37 29 119 108 64 38 9 14 121 117 38 121 90 16 38 101 60 116 42 18 110 31 95 27 89 121 18 2 49 73 111 116 34 60 82 105 34 79 62 44 23 101 35 114 64 110 50 20 40 30 72 25 57 117 114 75 22 61 85 102 10 93 14 2 19 97 120 5 84 76 46 78 65 18 50 96 15 101 83 121 84 39 58 50 118 23 95 27 113 76
106 7 90 40 32 81 97 6 113 48 50 55 77 22 19 67 7 40 4 105 52 121 50 25 2 91 54 62 3 26 94 27 15 63 116 69 47 108 76 16 16 81 66 90 33 116 27 40 23 20 65 8 49 117 69 77 65 87 88 85 44 61 34 53 48 30 47 88 35 94 64 20 22 33 74 69 50 76 58 62 14 47 55 45 105 84 9 107 54 68 61 98 118 79 20 9 47 28 107 37
52 113 4 20 84 10 52 59 58 16 31 46 116 19 92 67 108 53 38 13 44 17 86 42 66 35 80 42 61 43 106 14 19 107 5 39 80 104 50 107 111 19 5 101 105 13 91 26 22 66 83 12 8 8 5 103 113 26 111 17 100 110 46 120 95 104 14 113 1 3 21 46 85 108 76 36 68 103 83 64 91 70 9 77 17 39 40 119 83 31 52 65 97 72 93 19 95 38 39 15
52 117 24 35 3 9 81 86 17 8 121 77 77 56 23 98 46 17 11 55 65 0 82 5 109 94 2 111 108 39 52 14 73 24 71 5 8 34 1 13 82 116 112 13 40 60 115 1 86 93 101 105 27 70 99 88 3 107 112 109 121 114 40 47 98 40 98 12 108 42 36 71 97 120 45 89 68 60 7 83 121 26 35 91 106 28 89 117 48 69 44 114 42 69 95 83 100 15 121 103
94 62 119 99 75 77 1 34 87 34 93 22 34 68 67 49 4 41 96 121 18 66 0 119 32 39 88 69 1 28 103 64 15 64 54 45 3 73 91 10 103 40 106 113 52 78 72 51 63 93 29 83 68 64 52 54 2 0 59 11 7 117 73 44 84 5 95 113 24 21 7 80 77 65 97 36 69 1 63 34 60 15 15 67 17 56 119 38 100 114 3 49 99 86 114 2 51 12 8 85
100 70 96 117 13 22 42 56 73 75 90 84 58 51 0 78 101 8 23 31 50 54 10 77 70 120 80 97 44 116 19 20 55 24 9 91 28 12 13 87 12 17 7 120 30 10 58 87 58 32 74 10 96 14 41 13 41 37 121 44 86 16 15 85 118 113 63 67 107 17 14 98 89 5 84 41 53 94 72 42 102 23 62 64 46 15 116 88 82 21 105 104 112 49 7 32 24 14 101 66
0 34 118 61 10 22 63 77 25 30 118 87 10 14 27 95 38 14 88 14 108 110 33 48 55 96 111 116 114 48 99 34 8 10 104 90 37 71 80 64 99 112 114 114 24 42 118 111 0 39 110 4 3 36 49 34 87 110 70 21 7 33 107 73 88 98 82 28 26 101 59 77 104 14 21 104 37 79 25 69 87 32 112 10 33 88 108 55 73 0 112 46 63 68 14 79 97 20 65 70
