100 100
51 79 17 5 10 106 112 83 11 37 51 59 95 68 43 57 114 87 104 56 11 13 45 78 85 99 81 10 40 66 79 68 81 18 56 72 60 62 53 38 78 21 32 38 39 82 111 109 18 65 70 65 93 54 107 1 39 107 113 71 33 104 93 119 38 121 62 91 39 29 26 90 83 97 10 108 53 88 112 8 38 6 58 68 12 54 105 31 119 66 76 115 27 76 36 45 37 47 79 85
32 107 32 26 115 54 116 37 71 43 68 72 47 51 89 94 70 24 10 93 108 5 78 116 43 44 8 119 23 63 14 55 113 12 40 6 72 67 75 102 90 66 57 15 21 79 55 115 98 115 67 94 105 21 75 50 104 65 112 32 48 11 20 44 109 81 80 91 70 103 11 110 40 25 44 69 21 30 50 23 69 21 48 3 118 45 40 36 52 24 59 119 103 106 47 109 86 35 91 47
120 88 103 107 76 85 66 12 114 25 114 107 31 100 28 30 119 104 116 74 44 57 54 106 12 67 9 94 38 27 20 40 59 18 79 43 71 88 94 58 50 40 5 16 7 112 38 18 11 79 45 19 23 102 19 61 34 47 90 57 46 93 33 15 77 0 71 21 18 37 74 34 14 98 74 89 51 76 94 75 112 54 115 89 37 10 20 43 2 30 54 63 8 49 45 10 58 25 34 103
16 89 27 10 48 116 87 57 113 74 65 91 26 81 60 110 107 95 28 9 50 2 114 33 57 115 115 46 47 89 16 106 38 48 46 86 62 55 66 70 68 117 101 42 7 20 12 92 58 86 79 105 78 51 51 88 93 99 23 71 45 54 116 65 91 51 114 21 83 48 79 77 25 113 103 25 4 16 71 63 65 67 75 68 59 73 29 85 107 53 96 120 18 89 87 87 18 77 25 12
12 18 61 120 91 70 86 21 114 51 105 91 120 0 94 1 70 50 99 54 77 120 24 55 71 109 47 95 75 68 78 29 32 17 98 90 24 66 0 36 79 11 49 67 113 101 12 86 22 38 27 108 53 50 113 19 113 20 77 26 60 0 106 67 111 48 109 106 86 116 70 68 118 55 10 22 23 91 52 59 86 70 65 116 33 84 48 57 15 111 35 18 72 118 53 22 69 37 38 36
71 41 7 69 5 97 50 65 24 89 98 11 81 19 102 77 27 12 98 8 71 85 70 85 14 77 67 81 23 119 116 115 4 34 27 114 41 25 41 83 24 86 1 83 37 45 115 31 98 3 110 48 89 121 102 98 33 47 115 106 82 87 14 29 80 113 64 1 35 121 28 106 75 89 40 9 29 56 104 99 65 113 52 58 58 79 1 26 115 93 91 13 3 36 52 115 39 22 25 95
110 84 53 48 67 16 3 9 104 110 79 43 99 76 29 67 105 5 62 45 29 37 66 62 20 63 120 121 19 2 42 69 81 54 75 85 43 46 32 92 97 69 5 50 52 54 88 102 3 80 106 85 83 101 63 1 73 34 34 78 87 53 55 118 17 114 116 30 106 47 20 83 38 58 103 75 9 70 38 81 78 97 96 89 110 57 88 56 57 73 43 60 87 66 49 63 54 0 83 15
1 69 22 14 103 3 10 104 28 56 43 85 38 64 20 95 49 20 56 15 52 17 106 54 59 84 64 108 39 58 121 74 5 66 19 60 59 27 77 102 1 109 66 30 84 6 90 79 79 92 96 28 101 35 102 85 58 83 46 57 86 111 5 116 49 62 37 5 80 43 89 74 56 55 65 87 63 13 67 54 3 28 78 89 55 95 6 101 2 29 14 92 56 79 12 17 64 66 85 100
29 53 19 69 36 104 89 104 43 112 79 10 69 77 50 5 90 1 50 44 106 46 34 41 6 49 62 117 73 73 79 24 42 86 24 31 60 103 102 6 91 36 64 112 111 76 31 26 78 45 109 56 28 30 87 17 102 69 41 85 63 115 51 104 108 25 96 78 55 33 77 48 44 36 81 99 20 76 45 73 96 23 88 65 29 52 35 71 77 117 86 76 32 113 67 77 93 107 16 12
116 90 7 113 121 30 102 114 107 107 63 15 112 95 100 89 88 116 64 72 84 62 18 31 113 89 44 103 33 56 94 35 11 91 27 50 6 37 56 79 34 107 70 67 35 68 103 82 105 50 68 4 32 73 97 100 22 99 14 47 6 107 79 92 68 29 10 68 104 59 15 98 14 89 90 74 45 74 103 53 75 35 43 28 115 29 27 4 117 18 31 97 23 113 116 109 102 85 44 76
57 25 64 68 72 83 61 46 31 48 58 43 40 9 34 9 20 62 5 11 13 45 110 29 58 5 32 70 75 38 9 77 87 102 88 74 35 39 55 26 102 46 120 58 49 121 57 34 63 121 82 110 110 5 73 121 29 47 119 21 25 70 88 85 44 121 95 29 49 111 63 100 86 4 38 113 108 39 94 17 41 88 28 66 2 7 22 93 58 112 39 119 57 23 111 30 30 13 89 17
112 103 67 19 6 57 6 73 116 117 98 14 46 79 108 18 92 81 93 52 40 42 61 4 112 61 106 63 58 9 62 55 118 81 114 87 13 121 62 14 102 55 79 67 54 117 109 76 101 114 55 26 32 107 72 21 48 106 37 116 87 42 105 22 82 27 7 40 52 8 115 38 88 38 14 72 118 55 27 26 93 53 61 29 113 30 63 8 2 58 86 90 110 110 28 2 91 105 8 106
41 65 121 24 42 116 100 105 69 26 68 93 104 20 33 75 30 63 18 38 63 52 99 20 15 43 29 74 120 16 95 43 59 20 93 59 118 108 77 117 46 30 23 43 10 50 35 36 66 106 77 80 60 3 57 22 110 19 56 4 25 4 9 101 30 104 88 28 17 62 58 100 33 16 35 55 64 82 39 70 25 79 34 53 42 38 69 82 72 69 46 3 1 78 30 9 103 9 45 85
22 78 16 0 64 68 23 61 23 5 63 105 26 27 120 61 102 38 34 26 110 115 75 31 14 76 16 61 51 26 4 23 13 5 33 112 16 116 41 70 119 55 53 119 104 95 115 79 22 26 107 3 4 5 80 25 43 34 17 114 35 22 16 85 100 108 78 5 118 63 6 12 9 1 100 69 54 94 7 33 65 12 43 112 30 7 74 63 41 10 5 118 10 5 103 91 120 52 117 69
32 92 69 12 90 32 15 97 53 25 105 75 42 113 7 43 91 111 72 56 16 20 33 93 94 43 119 22 96 85 116 66 121 50 29 103 14 96 31 1 50 73 117 8 2 36 78 11 120 0 48 11 51 64 70 86 8 59 101 71 77 97 70 36 28 8 46 91 91 13 34 120 119 92 17 2 96 63 61 6 15 68 6 95 38 33 36 90 62 33 33 49 91 116 89 47 57 66 81 10
58 38 10 100 104 69 54 22 115 5 82 17 23 83 80 10 106 58 118 1 61 10 92 119 63 54 25 93 117 110 79 9 2 103 10 78 10 61 37 53 91 10 38 74 112 65 18 16 78 19 26 72 86 71 108 92 79 86 89 84 121 70 29 41 27 82 90 50 67 2 16 89 88 31 29 50 13 25 92 91 93 80 51 57 51 112 11 18 63 112 120 9 1 85 118 9 115 78 1 32
93 14 19 117 10 12 118 6 77 32 120 1 28 60 27 4 20 117 106 64 31 27 66 8 25 110 13 40 0 57 76 86 116 55 1 84 58 107 7 90 47 77 118 6 57 0 73 102 56 3 35 75 99 8 54 102 28 6 121 18 48 94 84 68 39 31 15 83 46 113 42 56 96 37 118 40 69 12 55 30 97 29 2 15 17 103 22 83 120 86 53 58 81 107 6 119 89 47 0 42
58 116 74 33 17 102 75 111 0 99 116 74 55 110 121 17 53 10 54 23 106 75 34 95 23 4 111 44 11 77 82 76 31 25 72 53 65 14 34 74 48 94 117 89 33 24 100 108 91 83 90 85 117 37 33 4 20 71 36 31 13 81 88 63 105 53 98 35 71 84 39 71 90 100 68 77 71 90 81 104 73 50 52 86 93 19 59 29 114 43 36 14 103 4 81 64 22 5 29 115
109 99 101 10 90 21 65 10 8 57 32 21 117 54 12 7 119 62 76 9 116 94 15 73 89 56 44 34 4 99 104 101 25 29 8 96 18 56 56 57 114 29 113 82 103 24 28 114 30 42 78 98 21 107 75 25 27 41 104 11 91 93 48 14 56 116 63 119 69 71 72 32 98 15 57 84 60 48 7 56 12 4 39 32 63 29 107 34 63 37 5 72 113 101 105 45 48 50 109 89
84 61 101 12 39 66 60 110 13 72 15 2 60 59 86 99 112 98 17 28 1 111 103 60 35 70 48 45 38 54 53 119 7 10 115 93 45 7 31 80 4 65 44 39 52 11 62 8 61 76 17 64 21 4 67 76 75 109 6 22 92 61 31 53 69 103 65 22 20 73 92 24 8 78 65 64 108 113 117 97 15 99 17 50 90 14 67 117 118 100 54 13 93 62 96 17 38 89 55 111
112 50 15 94 11 11 2 94 97 89 36 1 120 58 6 80 7 118 90 113 52 37 16 74 51 31 8 35 109 76 64 9 117 51 11 46 43 26 76 70 9 51 55 17 61 103 105 121 97 64 118 46 104 119 89 80 115 68 22 98 120 104 23 82 19 84 14 117 70 64 37 59 77 95 31 120 96 67 107 84 35 113 7 80 65 70 113 82 71 20 17 1 113 4 67 33 90 59 60 100
71 97 121 119 34 79 86 61 47 107 1 118 95 79 111 91 12 8 96 48 27 83 117 54 38 112 9 95 19 77 28 68 29 95 105 72 27 42 29 23 61 32 71 116 60 89 93 118 38 69 35 6 87 97 25 54 112 57 32 19 4 84 87 43 85 109 79 14 20 91 76 7 52 87 96 12 82 9 68 16 39 9 83 37 0 42 112 3 15 75 105 42 120 68 34 111 77 115 97 50
104 103 72 13 45 57 78 36 59 45 117 67 117 62 61 12 105 64 18 43 41 15 121 56 40 80 82 60 107 72 4 76 20 77 60 51 67 62 118 32 27 66 104 114 15 40 37 23 98 78 36 55 76 34 60 54 92 66 11 18 10 1 27 49 3 101 119 113 91 40 112 45 117 77 0 57 16 2 47 60 96 91 106 21 6 67 78 55 107 30 59 112 86 32 14 47 29 18 34 31
115 106 64 38 30 103 56 4 60 60 89 88 84 106 51 46 85 47 106 35 12 54 114 18 95 0 90 42 3 110 86 44 97 31 5 52 67 64 38 121 96 74 121 23 92 94 109 102 25 28 53 115 73 20 118 54 29 57 37 56 81 104 66 57 31 25 77 29 27 52 24 9 4 106 121 61 70 73 52 109 80 51 12 82 24 67 116 46 79 14 58 38 17 39 64 68 79 36 108 24
69 30 59 80 108 63 10 52 119 120 111 119 116 84 6 90 81 20 101 21 44 61 118 105 120 65 85 38 65 85 99 103 103 88 31 64 103 115 77 75 90 105 104 30 90 68 60 23 15 57 76 44 64 25 78 106 69 38 72 13 91 118 39 112 2 29 100 58 21 6 82 3 20 65 24 86 27 80 63 91 73 91 103 85 44 116 83 36 89 119 89 35 86 117 69 28 44 32 35 50
13 73 107 54 16 105 74 18 55 20 86 47 19 28 49 32 85 75 105 105 89 116 121 77 113 95 68 81 64 105 45 7 71 43 0 99 23 33 74 80 16 36 29 80 43 3 116 73 42 31 59 109 33 116 102 92 60 52 26 97 70 103 21 5 70 80 113 82 120 16 32 27 114 85 112 46 27 106 108 22 94 14 69 84 116 118 109 104 58 116 95 51 109 98 114 89 12 7 79 62
39 31 47 77 118 10 103 44 82 53 13 18 60 53 44 22 41 16 15 69 101 86 51 106 81 24 42 13 97 15 45 71 121 121 46 94 21 10 72 104 110 56 31 60 47 15 85 23 2 31 104 56 74 20 1 22 84 74 1 91 13 62 90 46 44 3 100 36 60 54 52 116 6 105 44 68 102 25 101 89 28 51 117 0 119 78 54 71 69 90 120 18 97 81 120 16 56 57 44 112
60 8 80 73 64 88 62 88 48 11 9 114 14 89 116 24 47 80 77 2 112 20 73 1 114 18 96 94 20 85 6 48 64 93 75 112 5 43 62 19 8 59 3 9 106 106 80 11 36 92 70 27 67 29 47 97 116 47 7 31 106 45 38 57 31 85 85 54 8 41 75 78 64 90 11 56 111 23 44 39 4 106 56 69 82 16 58 40 111 42 51 98 109 2 110 121 107 19 5 93
35 97 32 90 41 72 117 109 3 105 109 72 71 89 37 86 27 119 7 22 110 26 47 109 6 37 83 49 118 0 76 117 67 65 5 5 24 94 44 19 116 20 34 75 27 27 79 99 60 82 17 47 34 121 115 68 18 7 95 85 6 109 14 81 107 71 9 84 36 25 7 104 84 27 1 10 114 83 29 0 94 44 4 103 53 46 37 117 43 88 3 47 105 56 109 41 4 71 63 88
89 54 78 4 98 46 15 16 67 32 83 21 80 35 37 64 107 71 96 74 113 115 21 43 34 61 72 57 94 97 12 103 32 115 53 71 40 113 33 31 25 21 46 111 61 27 71 107 7 94 26 76 32 71 94 105 82 10 88 49 44 108 107 66 94 71 94 67 15 62 4 10 14 117 70 31 25 69 30 76 70 9 28 65 7 25 20 79 113 71 96 83 98 49 29 12 63 116 78 87
40 47 29 2 120 31 112 44 61 89 107 89 25 78 66 120 84 36 114 56 48 5 106 50 36 104 35 14 103 57 18 36 44 110 99 109 31 29 74 22 47 5 21 64 64 69 69 24 6 41 55 39 90 101 120 37 96 14 16 84 76 27 115 16 21 100 102 95 83 102 85 2 92 50 27 117 2 12 5 1 97 116 104 49 87 103 90 10 36 88 111 70 7 121 77 70 18 98 114 92
10 91 113 2 98 55 94 121 79 115 75 22 27 117 3 30 109 14 9 59 40 91 83 22 7 85 38 91 90 102 79 20 105 114 107 69 4 5 73 63 6 53 121 84 120 56 94 59 79 59 43 64 84 72 29 0 13 33 61 71 26 98 51 46 114 37 101 16 23 3 18 58 67 17 80 107 53 30 70 92 39 26 92 60 21 113 92 111 34 98 103 93 89 27 105 24 109 38 121 53
73 58 94 3 29 67 52 44 38 35 84 38 41 106 108 95 92 105 93 51 47 74 88 117 93 119 94 56 27 15 14 119 48 104 46 6 14 94 63 4 51 43 31 93 21 20 98 60 56 116 0 100 71 29 104 65 71 117 68 120 21 81 98 28 105 112 30 69 53 72 72 100 108 98 41 19 82 101 16 112 9 86 9 114 41 20 58 90 92 52 80 77 74 88 24 31 19 94 1 119
66 28 54 72 61 56 49 19 76 43 32 43 16 71 90 16 88 115 96 102 3 72 28 0 118 36 28 44 99 26 45 22 62 98 104 27 64 104 103 84 84 49 68 117 112 2 96 102 83 90 109 105 64 33 29 99 61 120 91 23 40 103 84 23 46 45 110 32 66 116 85 112 88 96 12 94 2 4 29 62 63 113 40 108 117 58 17 61 33 78 34 47 83 42 102 34 5 11 27 84
27 91 105 121 94 21 22 58 79 23 110 95 112 73 49 102 117 49 45 89 113 98 86 110 89 91 96 108 49 96 99 30 2 85 47 35 6 88 92 18 115 18 35 78 78 32 91 2 106 83 102 85 112 60 44 111 65 98 71 32 54 100 14 31 31 115 96 8 60 87 37 114 119 103 87 109 52 24 80 8 69 38 102 112 84 90 117 96 27 103 20 95 17 7 80 29 89 46 73 14
119 34 89 111 25 32 4 29 45 82 87 19 61 71 41 72 111 92 29 11 30 120 6 87 80 27 2 117 114 103 1 19 42 102 27 0 26 101 85 19 83 19 70 50 81 84 0 17 16 40 18 83 22 108 43 29 29 23 117 105 81 57 107 7 44 14 68 66 92 89 58 105 35 31 61 78 84 35 15 55 56 97 56 67 16 93 20 33 56 14 84 56 92 76 11 117 43 38 107 48
42 29 38 6 58 9 92 2 63 46 6 112 103 93 108 26 93 29 31 44 10 108 2 53 21 35 36 31 40 25 59 3 85 51 60 94 120 48 77 7 25 53 121 29 69 51 62 71 18 101 12 84 93 37 33 3 33 73 62 108 65 114 95 66 55 49 99 101 4 61 107 21 106 58 77 105 52 35 54 85 31 20 45 118 102 120 58 106 14 16 43 26 68 28 52 57 98 80 23 120
20 86 76 63 61 33 56 60 30 117 108 0 110 47 19 6 24 106 89 118 104 90 85 1 9 52 52 77 117 51 38 106 78 43 74 102 68 54 7 72 33 109 65 29 1 103 54 50 117 8 80 35 64 19 17 81 100 48 97 88 26 0 85 120 104 95 93 25 43 105 54 30 17 85 29 91 25 10 30 50 73 15 52 79 71 69 45 77 5 75 71 10 119 93 111 53 105 80 23 100
96 93 13 18 33 69 33 29 52 68 32 100 40 0 69 28 22 32 65 118 39 7 46 90 81 85 30 27 101 31 32 38 23 58 44 70 37 46 33 18 11 119 5 103 29 120 50 83 0 69 18 60 42 71 21 78 71 46 93 18 3 118 105 87 108 106 33 78 94 69 9 107 77 7 50 13 37 22 37 26 121 1 68 29 78 115 33 14 9 60 51 58 117 79 71 48 2 13 114 56
14 3 29 16 121 48 43 35 78 36 65 37 36 97 77 13 3 55 110 4 5 87 7 93 55 115 69 65 99 3 12 116 20 86 39 47 72 15 83 103 63 8 115 63 54 83 62 3 33 51 95 0 62 72 120 14 72 120 84 4 113 97 7 117 103 6 16 76 90 71 91 44 24 95 15 50 68 24 76 94 65 112 89 62 45 41 33 3 36 47 116 101 15 31 14 81 83 64 80 101
118 120 50 75 89 116 36 23 60 63 63 18 63 64 39 35 36 85 104 111 11 52 70 71 99 1 2 59 23 80 19 118 67 97 83 101 35 48 65 100 9 109 42 73 28 11 109 70 109 83 19 112 25 92 82 89 23 92 10 31 118 34 90 24 114 10 93 23 60 13 95 68 4 35 45 60 64 69 67 12 37 102 32 82 1 3 62 35 109 45 84 116 86 30 57 5 8 78 16 99
63 120 9 119 102 10 61 62 76 53 19 104 19 1 18 121 103 41 77 68 112 93 83 27 96 6 0 4 64 78 3 52 117 83 19 121 77 20 101 7 19 111 1 4 96 72 23 93 79 105 101 2 74 79 87 105 55 67 75 15 99 37 62 89 43 20 18 24 100 43 121 50 67 113 5 26 107 28 37 32 22 72 47 4 85 47 33 60 119 46 12 52 33 67 47 24 108 18 77 99
88 27 73 85 112 28 85 65 25 29 22 54 5 110 105 70 66 61 51 100 107 49 26 104 39 104 62 106 60 64 25 39 7 7 82 69 87 21 78 97 77 102 97 98 11 54 100 97 29 60 110 35 67 81 110 109 110 48 84 84 41 43 19 98 76 9 75 59 53 76 108 85 15 87 6 45 31 103 110 75 26 78 48 63 54 4 1 5 14 65 89 45 77 25 101 56 62 114 3 51
37 13 36 103 36 81 55 105 10 81 1 92 0 65 7 70 104 35 14 102 5 40 20 100 53 8 109 28 0 83 15 99 78 27 54 94 37 84 49 40 121 28 109 100 50 83 101 86 74 83 113 99 66 80 68 28 38 77 68 56 114 28 111 113 60 82 102 49 36 88 91 36 57 78 60 11 70 21 9 73 84 111 32 52 119 0 71 57 101 50 48 79 37 53 59 20 5 84 53 28
0 105 65 114 107 36 90 3 81 48 90 37 54 118 34 41 5 72 49 44 71 68 82 87 24 100 67 71 37 104 106 99 56 79 51 73 83 120 119 80 78 116 62 68 18 71 49 97 73 43 85 21 119 82 6 50 107 18 16 26 104 95 9 89 34 114 8 82 104 98 93 0 56 13 10 108 70 41 49 80 45 110 44 69 57 5 98 57 43 47 67 64 89 92 95 68 7 3 99 18
50 91 6 51 47 25 115 88 104 58 114 97 117 58 48 69 9 27 85 114 12 107 74 116 67 110 113 52 84 20 22 54 87 69 11 77 85 109 32 24 24 56 106 46 3 20 90 98 45 83 96 62 8 76 44 103 79 16 101 16 114 13 82 3 25 8 57 67 112 33 22 82 74 24 88 99 90 38 43 114 102 1 121 55 41 111 88 119 11 56 73 96 98 109 15 78 86 115 23 98
44 62 34 41 34 6 31 59 18 85 81 45 29 98 21 23 51 72 80 16 70 117 57 120 13 1 74 74 11 7 110 39 109 46 22 11 14 43 81 43 90 84 89 116 53 120 34 5 104 114 51 63 57 83 14 10 76 16 80 53 4 65 119 90 98 103 51 104 72 13 39 61 99 109 36 29 58 85 90 103 93 28 56 25 10 108 1 13 104 64 54 117 21 50 76 76 38 16 90 64
74 20 45 17 39 54 41 41 98 109 57 120 87 22 42 43 92 78 35 56 44 72 54 21 117 50 84 85 65 45 95 71 49 102 99 86 48 34 8 79 119 40 48 9 77 7 59 51 69 84 102 89 116 52 53 93 14 60 105 117 109 34 81 52 20 3 0 76 38 78 72 93 68 59 61 14 14 31 42 6 25 90 60 40 50 35 111 80 116 38 114 78 57 71 18 55 100 56 22 13
100 5 10 101 57 50 6 3 12 50 90 3 11 85 120 103 26 14 75 52 97 15 62 9 22 48 66 97 86 56 42 76 109 53 28 74 47 88 40 116 101 114 46 39 61 8 63 86 7 40 76 92 88 47 22 8 119 32 115 5 45 87 54 36 13 84 83 44 85 39 120 63 13 44 33 2 25 8 57 66 114 35 33 40 30 47 57 8 77 108 4 34 47 77 67 22 88 24 38 88
84 9 95 47 47 99 32 1 53 25 106 35 57 94 54 1 30 47 103 3 16 32 71 16 42 92 12 13 57 79 25 95 87 43 61 85 37 41 13 59 56 32 90 105 76 35 26 13 70 106 83 36 19 111 31 111 4 43 108 46 82 25 79 87 104 87 64 111 21 15 49 43 90 76 113 73 104 36 117 51 40 99 38 121 47 71 82 13 80 34 41 13 25 60 63 5 20 33 112 4
113 70 121 22 28 55 113 121 110 79 38 19 58 94 52 90 104 84 53 112 39 54 116 0 109 40 60 90 7 86 17 43 100 27 106 13 12 16 47 40 97 69 101 38 55 20 63 75 103 37 118 94 77 53 37 29 84 64 35 44 62 26 91 91 46 77 61 93 10 99 37 76 115 21 49 92 21 79 118 8 20 23 54 91 79 78 84 49 101 69 79 49 42 18 16 104 41 115 91 70
100 91 114 74 65 107 64 47 2 69 45 42 42 83 0 47 46 102 48 70 64 110 84 92 4 104 57 37 5 32 69 66 102 1 19 113 87 14 91 29 92 69 58 97 62 30 66 1 20 60 113 86 78 107 120 64 30 3 74 18 40 28 1 46 86 54 63 72 62 79 13 21 110 86 102 75 30 64 29 30 44 51 39 74 88 56 12 40 24 113 40 1 36 89 22 82 89 76 54 116
70 51 28 33 111 12 2 51 62 78 77 73 101 49 42 35 32 11 111 112 121 43 46 94 36 76 13 75 73 43 30 35 65 12 86 29 39 10 76 91 30 81 21 41 110 97 64 35 101 6 118 20 81 108 74 98 83 64 102 44 32 120 89 90 77 98 63 25 112 94 69 22 62 78 60 0 58 67 80 22 34 103 60 24 107 16 53 85 8 100 7 37 34 82 65 67 5 119 87 59
4 44 75 22 115 52 52 86 119 71 71 44 19 55 41 54 35 103 16 15 18 21 44 39 84 91 50 19 79 64 119 106 7 18 39 94 1 77 100 19 9 74 16 117 67 55 110 50 35 54 101 15 74 36 29 19 83 5 103 16 22 88 36 2 84 42 27 63 86 41 39 52 0 55 112 19 114 121 36 40 8 55 55 64 7 87 60 111 99 89 32 100 109 89 74 12 69 119 63 70
93 70 46 53 32 24 36 116 120 69 27 53 103 112 63 63 18 31 40 51 82 60 47 91 6 93 76 77 3 37 67 57 14 108 69 50 96 26 62 62 33 92 0 116 16 1 25 105 53 99 91 119 92 75 120 87 118 31 64 11 69 102 23 71 57 76 6 86 11 103 116 90 110 88 60 52 59 110 83 90 49 82 89 103 82 84 64 108 63 119 72 38 115 5 66 106 16 20 79 49
112 0 40 11 2 80 27 49 10 45 71 26 56 48 72 112 41 113 34 110 43 99 94 70 93 88 90 63 0 68 101 91 24 37 53 94 77 89 23 57 20 63 29 75 93 53 30 9 9 13 9 92 85 11 78 99 15 16 7 31 85 32 101 69 89 2 108 18 4 98 46 3 81 100 99 69 69 33 71 21 28 57 10 103 33 13 11 50 69 4 55 2 4 26 39 111 65 66 83 92
75 58 68 8 4 7 89 20 9 42 12 105 6 88 16 121 66 119 38 51 110 94 48 118 35 40 68 93 12 3 59 16 45 28 53 85 79 17 103 114 12 16 18 57 44 24 104 84 120 52 66 53 63 101 91 6 84 21 21 6 14 104 23 18 20 83 117 23 34 44 38 110 62 106 70 47 46 71 69 20 64 35 67 14 17 102 46 75 108 4 20 52 25 18 102 114 37 56 69 109
4 108 58 60 76 25 120 89 75 108 121 73 96 62 6 99 32 90 69 109 49 79 45 70 32 0 82 44 77 99 73 99 102 6 64 20 57 54 43 40 12 35 57 64 81 69 12 23 12 13 118 107 121 65 61 66 113 80 12 98 34 62 68 119 17 20 38 22 98 85 49 47 84 91 5 47 78 94 11 45 78 63 44 5 29 90 92 55 10 8 87 62 105 86 101 19 73 33 26 94
93 6 16 64 76 86 91 18 121 16 61 92 95 21 118 7 121 74 105 62 37 79 78 12 68 71 27 39 104 56 119 16 96 96 45 121 53 67 11 6 33 26 36 25 41 44 121 59 9 44 55 31 23 56 25 26 118 50 116 111 55 31 108 28 15 77 114 93 4 101 17 54 16 14 46 78 105 24 101 73 112 85 0 70 62 53 43 121 106 117 19 52 101 81 0 117 100 64 44 103
53 90 107 5 36 94 28 24 69 28 52 90 84 13 77 85 106 26 119 29 57 41 55 91 82 102 77 52 53 22 3 51 69 18 33 41 65 3 15 3 1 71 25 40 55 42 75 56 11 12 34 73 30 75 63 114 43 36 67 35 101 20 10 52 60 2 95 0 56 10 108 61 80 1 8 112 78 71 4 31 111 104 121 96 89 11 87 76 26 12 27 34 83 60 121 2 32 98 72 3
80 13 84 56 40 44 102 3 78 44 111 40 84 76 120 8 39 10 117 4 116 53 73 23 13 94 7 47 70 65 117 121 26 94 97 101 60 81 0 15 117 103 88 96 29 120 80 110 4 47 27 61 90 45 32 47 26 1 93 70 62 77 71 111 56 32 107 43 1 98 39 69 59 43 5 27 9 101 0 78 46 21 56 31 57 10 107 28 103 21 56 23 79 46 94 1 67 57 20 8
69 43 7 111 35 16 82 24 70 121 12 90 24 111 44 36 112 60 46 39 87 51 50 2 61 87 95 110 34 14 118 74 27 103 121 109 41 97 17 98 52 1 101 94 73 103 65 57 111 48 36 118 97 58 108 43 97 30 104 30 90 70 42 22 72 58 11 38 21 84 16 60 85 24 110 73 34 114 3 104 81 106 13 67 46 25 98 100 11 104 32 35 110 26 80 79 76 24 94 93
55 2 37 67 68 36 15 73 31 20 35 116 60 2 23 90 8 36 120 19 108 55 100 69 119 23 107 34 29 56 87 8 21 6 72 14 116 19 95 19 52 56 44 104 20 25 21 101 50 95 18 118 86 15 42 96 91 31 111 29 111 45 70 101 107 102 0 84 83 2 54 35 82 121 80 102 83 37 93 67 46 39 67 25 49 113 74 117 110 27 89 31 5 121 30 117 95 49 5 5
37 53 18 57 84 94 90 97 82 66 45 83 10 60 7 84 108 107 21 10 83 117 0 62 73 88 3 65 40 51 118 49 76 43 9 108 110 20 96 100 106 36 64 33 45 88 94 27 68 70 43 102 47 89 119 75 99 23 35 49 23 41 104 31 92 115 75 39 98 20 36 90 121 60 75 11 76 60 8 9 19 91 49 70 92 112 113 98 17 78 60 5 77 86 116 62 111 36 4 42
71 13 81 48 75 96 84 110 38 42 80 20 19 110 85 68 5 110 121 99 53 45 77 64 98 3 95 47 49 120 63 96 119 62 9 55 114 73 77 72 23 50 94 110 65 24 112 42 65 78 112 48 8 119 78 10 100 86 73 17 54 115 53 103 88 98 59 46 33 88 49 2 60 29 43 33 41 2 119 56 50 94 101 107 61 34 46 121 35 23 70 99 45 56 86 113 119 59 51 49
41 85 102 9 69 120 14 60 23 85 80 111 34 78 103 116 49 7 16 0 52 55 104 47 55 103 2 118 44 98 79 43 8 99 111 24 120 38 53 0 15 30 70 34 85 21 32 48 36 81 86 85 27 11 52 48 117 62 113 93 108 63 31 7 24 96 15 117 121 63 65 32 57 44 95 115 27 64 81 117 119 96 5 32 70 98 25 11 71 32 73 17 101 28 55 109 110 70 38 90
33 15 59 27 107 46 8 27 7 6 64 53 58 106 4 20 59 77 109 43 6 17 26 76 100 60 14 113 96 87 29 17 112 81 102 34 105 16 64 24 54 91 121 93 27 115 115 11 105 59 86 116 0 62 66 41 87 110 68 115 76 116 70 88 114 2 24 58 32 20 6 36 69 101 37 43 110 52 115 70 39 84 110 51 13 87 32 30 73 117 64 2 36 121 9 106 74 79 2 114
40 14 84 88 64 12 13 107 77 16 93 68 115 42 10 119 99 60 69 38 21 56 109 53 82 74 6 15 75 101 118 13 46 115 73 12 74 85 96 57 112 32 98 84 32 4 88 101 45 63 99 117 88 76 44 51 83 57 116 75 27 2 69 32 49 93 24 94 7 116 67 9 65 76 46 111 99 91 5 6 94 66 55 121 21 113 25 64 59 113 37 98 84 116 54 71 72 54 60 109
61 78 36 79 34 13 46 80 61 0 86 56 107 6 21 115 104 80 75 62 82 15 94 14 112 79 36 31 83 118 84 30 111 5 67 38 101 71 105 62 117 57 24 31 51 98 75 41 18 50 120 6 54 39 97 23 70 74 38 34 8 112 5 40 16 3 48 109 119 52 116 105 104 71 91 25 105 48 31 43 21 66 19 40 70 43 112 10 51 4 89 21 40 61 85 81 40 116 95 74
43 30 74 73 108 73 113 1 24 84 62 112 93 93 29 80 61 17 21 53 46 74 73 55 121 115 70 59 27 34 44 103 69 102 121 42 43 74 98 110 84 24 99 120 98 31 100 46 61 80 88 4 1 16 103 80 101 50 56 101 27 83 34 15 13 23 96 86 94 65 42 38 4 104 50 67 58 29 96 5 52 42 44 43 120 53 71 70 10 88 7 22 77 49 31 26 114 93 5 87
20 11 1 82 121 73 15 41 54 43 74 8 51 4 1 102 83 120 76 65 12 112 44 97 64 90 77 27 42 117 109 111 90 82 21 94 110 72 25 70 12 91 46 38 10 81 37 118 56 117 81 109 69 68 105 108 86 116 111 17 92 41 27 9 99 21 11 114 16 84 70 51 87 41 64 8 108 57 37 22 63 6 45 113 45 87 98 39 52 25 119 37 34 55 80 58 38 103 105 33
114 3 57 37 89 97 104 76 68 18 72 102 53 117 108 43 62 87 67 59 0 25 31 68 38 82 65 2 4 7 33 81 50 37 108 12 40 106 70 13 116 112 111 10 19 8 74 28 101 7 120 103 76 55 69 112 95 24 88 102 104 59 102 21 87 118 117 8 88 75 61 103 73 94 43 62 86 74 90 119 21 70 11 102 109 61 10 45 71 3 25 42 121 55 75 31 116 65 43 47
104 104 72 69 110 23 98 19 12 44 74 19 48 70 33 63 96 74 82 103 1 121 26 107 61 89 5 118 32 41 81 41 52 118 118 8 98 105 20 16 76 50 43 121 71 18 54 120 5 22 36 108 110 33 54 99 101 68 28 83 59 11 14 38 95 68 20 106 114 57 82 37 78 48 50 45 121 72 10 86 25 52 49 78 36 95 14 12 106 78 96 41 11 73 52 70 106 100 74 98
33 59 9 94 98 91 71 81 75 64 68 116 55 57 21 42 18 82 56 96 40 77 84 98 0 72 25 5 37 23 45 34 47 69 70 41 64 67 2 9 36 70 54 60 51 36 59 62 48 118 59 89 3 62 69 92 89 79 120 11 104 110 29 99 82 102 38 107 109 43 118 18 83 112 102 93 65 87 39 18 48 94 8 9 107 99 28 55 61 114 77 45 53 69 91 85 118 100 21 113
121 12 12 17 91 63 70 92 5 19 107 36 102 5 121 119 92 0 5 104 90 64 98 52 93 117 6 43 38 31 13 83 116 8 101 52 20 106 5 35 118 86 92 79 106 31 117 121 32 104 120 41 67 23 57 75 110 16 69 43 93 78 1 8 55 56 66 10 27 7 120 81 13 79 111 109 32 42 78 72 89 35 113 103 50 72 67 63 72 1 0 65 67 85 3 40 117 53 37 25
48 90 59 38 100 56 13 81 50 8 16 16 6 25 120 25 16 94 35 17 79 45 37 76 44 13 2 121 19 112 40 15 102 101 104 87 26 63 20 113 86 37 76 107 26 64 119 3 7 9 67 116 93 71 93 90 33 109 77 36 120 23 44 52 4 83 68 46 38 24 82 77 11 59 20 101 31 58 34 78 92 58 8 108 82 30 112 17 90 66 6 55 24 121 75 41 40 107 53 27
71 116 7 26 37 48 69 68 14 31 40 100 103 87 31 71 15 116 82 99 14 97 28 32 100 8 9 29 85 44 56 14 23 93 23 75 54 111 62 61 88 34 74 82 37 72 9 53 27 36 75 77 93 45 23 31 56 102 117 103 63 29 86 31 68 12 16 28 117 32 114 19 3 107 11 94 79 48 63 107 121 59 62 116 20 14 116 10 82 99 96 0 54 69 95 24 116 32 7 104
21 32 79 1 60 10 66 83 54 102 90 27 60 10 88 28 94 61 82 47 85 115 77 11 35 74 22 25 28 21 29 79 81 20 79 69 14 94 46 47 28 42 54 90 98 75 84 1 45 17 16 43 29 113 54 62 14 19 95 45 114 70 73 112 106 6 32 49 103 5 1 62 91 54 51 3 54 60 6 116 98 100 91 74 97 114 105 9 22 108 18 58 25 90 85 46 48 45 70 112
110 61 92 37 8 57 22 98 32 110 105 30 95 62 64 103 53 94 44 112 116 55 18 104 70 23 92 116 55 59 87 65 39 115 99 94 26 63 22 80 75 29 78 114 10 74 9 105 34 94 27 105 21 119 118 73 2 58 2 8 30 64 5 80 29 79 16 63 63 39 100 16 113 55 108 12 72 33 65 115 103 116 76 103 75 92 19 53 48 68 98 99 40 47 9 23 5 4 54 110
100 28 9 77 30 3 93 73 69 37 115 44 59 58 8 111 72 58 8 111 100 102 69 61 57 118 36 121 12 49 57 19 108 40 110 60 49 14 15 46 88 54 80 88 119 38 118 8 17 105 89 44 31 11 35 25 62 120 52 57 113 59 100 75 14 97 77 75 8 101 84 8 62 21 82 112 91 40 90 79 121 119 75 76 55 71 78 29 47 16 84 26 60 12 102 90 54 8 77 103
58 92 73 31 21 116 81 85 46 12 120 84 35 115 92 93 35 103 32 0 66 22 75 54 29 66 120 71 51 70 117 73 107 112 19 104 72 11 91 51 93 75 118 57 7 99 9 59 60 77 0 100 72 36 67 76 14 5 71 68 100 16 8 102 102 59 119 111 15 102 12 115 114 111 72 84 59 41 78 45 7 31 95 33 86 116 85 89 35 66 56 119 52 44 47 76 23 26 94 39
38 90 72 114 47 98 99 44 51 33 84 25 15 47 102 78 117 82 58 113 45 13 120 113 75 18 120 33 27 107 46 64 30 118 44 25 71 81 36 77 69 30 29 16 74 62 114 112 43 74 94 45 114 61 60 10 0 30 105 13 107 49 6 61 22 9 17 87 81 119 61 16 107 118 83 42 57 35 19 80 35 84 95 24 50 84 111 118 29 16 81 86 121 38 61 107 29 18 5 13
39 66 34 76 97 80 109 36 77 81 73 104 11 47 115 22 9 116 84 10 37 113 13 79 41 69 110 63 117 120 98 52 48 48 78 74 91 62 30 7 36 34 33 93 108 41 24 16 2 57 20 2 2 84 74 118 0 75 68 99 20 5 117 7 52 25 27 47 108 81 74 113 17 38 1 67 93 17 10 66 41 43 7 74 7 83 31 105 63 62 89 109 90 79 16 120 78 40 67 102
14 85 68 121 71 48 99 36 85 71 89 60 62 109 57 88 33 71 5 53 49 1 8 75 107 16 80 80 37 51 53 20 101 83 48 121 44 110 87 37 10 17 11 64 3 115 116 7 64 55 39 97 23 80 93 93 35 59 2 106 108 113 97 31 5 48 68 102 14 108 9 93 110 97 6 87 58 65 99 42 37 73 29 31 87 84 66 87 9 112 31 105 40 99 97 28 42 61 66 108
121 70 100 52 28 78 60 19 101 53 14 26 16 85 111 52 73 47 3 96 91 1 37 64 102 81 55 29 86 83 1 64 77 74 62 116 31 101 57 74 81 12 95 64 34 25 75 46 74 119 61 34 22 44 39 107 68 26 70 100 94 113 94 68 9 63 62 115 11 58 57 80 46 100 89 106 33 121 25 24 100 37 78 118 1 69 114 73 59 85 89 21 120 86 119 54 111 2 4 31
72 63 18 44 90 68 20 67 64 7 93 36 110 65 13 115 28 83 105 18 96 101 81 86 78 30 40 37 79 82 121 49 37 11 94 72 11 25 42 68 43 59 2 86 88 17 26 90 20 85 121 108 70 51 119 59 31 5 73 0 22 52 82 15 23 102 23 68 5 112 69 35 65 73 113 51 10 101 116 42 31 48 17 85 30 121 45 48 86 29 83 72 105 77 95 75 73 79 105 105
70 74 31 5 18 83 42 62 78 46 24 10 93 87 55 22 39 55 54 55 91 40 100 95 31 58 32 7 63 0 109 7 104 12 45 70 25 61 114 10 45 87 86 67 74 25 7 95 39 85 78 117 100 114 77 68 112 36 43 86 106 93 19 111 47 10 3 86 90 104 6 41 34 84 96 59 75 57 93 110 40 108 21 52 102 40 102 101 78 112 95 119 85 47 47 23 89 67 28 16
43 54 65 33 67 97 90 93 76 45 102 50 62 90 13 68 91 0 46 7 83 37 51 84 83 44 69 65 102 35 7 52 77 54 71 71 33 55 1 96 13 57 35 56 0 94 103 64 28 17 19 121 11 47 118 71 35 97 46 45 93 41 71 101 112 93 53 14 92 54 88 96 100 87 69 88 26 30 25 93 35 107 111 21 43 78 33 88 3 19 87 11 9 69 6 55 93 26 6 11
67 111 62 82 116 92 70 23 69 4 101 119 96 38 57 96 56 55 15 117 42 10 76 12 10 27 55 102 11 37 28 38 2 89 67 52 90 64 46 57 92 28 42 112 22 77 87 27 104 42 25 112 99 70 16 65 32 29 96 37 18 20 68 99 68 18 30 48 11 109 15 22 40 119 33 40 12 31 109 84 89 87 1 96 32 87 58 2 45 2 68 5 43 64 72 57 0 49 110 73
36 115 54 27 41 78 24 92 87 1 51 29 84 88 84 100 77 72 14 15 27 79 107 2 4 11 3 99 108 82 70 111 66 117 56 99 25 89 66 108 17 62 33 86 6 107 83 41 71 15 50 86 86 80 13 37 75 16 56 63 53 97 6 69 84 93 35 103 46 95 104 21 112 51 13 82 3 78 112 32 80 107 72 107 63 37 72 40 71 116 41 110 11 93 60 97 17 33 56 118
36 67 23 0 5 101 119 93 91 18 77 9 1 111 34 107 10 51 105 96 80 8 96 14 68 57 103 19 105 54 120 67 115 95 88 27 41 31 44 22 0 3 23 43 61 84 2 59 64 1 27 85 21 103 108 83 117 79 68 16 86 108 26 104 99 45 119 116 83 42 41 81 100 86 99 108 82 111 107 46 87 94 62 69 113 73 8 71 18 1 1 100 50 10 53 98 114 78 64 42
53 46 31 35 82 111 36 82 1 108 35 47 18 63 72 8 103 57 115 79 59 60 99 116 56 106 48 118 7 39 118 119 55 65 1 101 64 61 94 19 59 86 93 13 98 40 78 42 114 48 53 21 60 49 71 64 62 92 23 96 116 100 84 52 20 43 62 24 27 13 6 105 51 100 11 76 101 93 102 10 95 84 79 37 82 62 16 29 34 65 89 58 44 4 87 11 24 10 92 29
63 68 104 9 60 32 10 109 17 71 108 3 60 66 108 94 47 77 10 40 61 30 116 13 91 94 52 72 109 70 92 56 16 75 52 49 20 40 4 104 14 68 76 86 83 46 90 83 91 32 79 111 35 112 65 23 32 49 104 37 70 56 20 11 53 110 52 44 49 33 42 5 95 110 52 10 98 73 76 4 8 47 17 119 96 109 11 97 5 18 20 103 64 56 6 110 89 95 24 89
31 25 53 46 84 63 55 108 42 87 98 43 32 25 77 115 87 113 68 22 26 108 24 105 42 84 35 85 100 49 54 60 44 109 82 23 20 115 43 32 19 92 46 65 115 69 108 95 73 86 57 61 84 82 81 81 116 74 13 90 16 59 62 107 67 59 97 52 10 99 2 82 8 14 12 103 86 24 71 62 47 109 54 115 56 24 96 27 65 107 114 26 42 91 108 4 95 76 111 9
31 104 49 78 80 27 40 43 40 25 63 34 112 37 33 20 89 34 105 73 9 5 86 1 116 99 31 41 57 80 11 86 88 46 85 20 83 95 64 37 2 9 92 78 102 52 71 120 11 7 7 72 49 2 2 102 5 51 42 72 44 78 68 17 59 76 73 31 95 77 42 17 111 52 99 120 7 23 62 88 45 37 18 16 65 120 69 26 25 37 41 84 1 31 34 55 60 82 6 7
4 77 107 47 42 79 83 84 117 105 34 0 70 25 67 22 73 34 39 113 19 93 93 101 15 17 98 26 87 108 108 0 119 14 72 93 5 107 21 58 121 12 87 75 51 1 48 116 107 57 27 26 45 94 116 90 21 3 61 19 86 40 63 24 42 92 77 95 89 44 70 103 62 64 67 41 5 113 14 75 118 4 41 100 77 112 15 67 87 78 66 112 38 25 61 114 110 91 37 59
110 77 69 98 109 77 111 117 48 68 99 10 107 89 84 24 66 48 89 19 27 44 70 85 84 96 6 97 83 44 73 104 115 63 48 109 95 5 89 89 43 28 74 77 75 121 97 78 69 53 91 109 39 7 81 59 62 26 89 97 17 27 75 57 71 23 78 8 81 93 105 97 19 112 44 0 8 58 34 61 52 72 98 73 34 25 48 121 73 67 58 92 94 29 81 73 12 25 53 74
35 119 52 94 31 58 94 48 86 114 90 95 53 31 41 90 119 10 45 54 3 94 86 54 52 119 68 47 1 121 40 73 71 23 41 78 117 60 74 90 29 116 66 84 102 57 71 55 14 5 12 117 115 121 55 26 37 13 100 52 85 86 13 58 98 62 72 43 42 5 107 34 54 64 42 90 62 112 26 33 93 76 68 92 93 71 1 52 43 115 11 15 110 40 4 89 90 97 84 15
31 119 83 121 36 121 92 57 42 117 20 47 84 34 37 120 55 18 106 44 73 57 70 43 110 32 60 73 74 45 74 65 49 98 5 31 90 42 21 110 109 110 100 34 7 50 31 118 10 1 46 79 71 68 31 10 104 26 77 19 20 92 67 10 17 114 79 104 8 64 51 104 0 48 12 106 16 46 94 86 22 19 32 82 27 41 51 35 34 62 91 112 117 106 76 49 49 19 35 34
24 61 54 52 59 57 14 107 9 10 114 68 88 119 106 57 97 77 119 52 59 29 25 44 28 16 94 62 75 28 33 69 3 69 13 39 15 39 83 92 80 11 14 20 30 44 121 85 82 2 23 28 55 25 53 85 6 0 111 99 68 92 4 37 4 119 2 118 100 13 26 82 16 81 115 14 23 58 120 72 77 108 12 27 71 68 107 88 78 5 52 57 83 104 80 13 92 26 40 112
